-31.40100269700909 -30.826695262948835 -20.027271206825866
-28.985911360898495 -30.468839260399957 -115.38328469428197
-29.280727137005336 -31.036456129287547 -115.48155759707794
-30.67510443371939 -29.765020666787844 -115.71341921995747
-19.26464573854423 -26.606220706576075 -23.731299373740857
-26.378952147109118 -25.72254422844711 -114.20024996387559
-25.770062619622358 -24.700760477872787 -32.53065993316302
-25.49637181897949 -25.290415262341995 -15.560952419123717
-21.93625770682808 -19.898842124412063 -26.28081796058344
-19.82897114289581 -18.020525037327445 -115.29211365532964
-22.042617217889134 -22.766280610006014 -45.49167968911538
-22.912301246256785 -22.440145171971576 -112.40640506902653
-15.847592941132438 -18.70715450262136 -15.730323861060644
-18.523281817105634 -13.669997785645887 -91.20798463085325
-8.404 -8.404 -16.868508919282277
-8.404 -17.305976732593557 -12.755420694253132
-13.844800611934449 -12.840097180235736 -114.06072925972892
-14.435609607729614 -6.967870999999999 -113.8361055405914
-9.268946556 -13.757501035653389 -7.664658099999999
-9.751417866000333 -13.194411898630378 -11.222079514480956
-8.498736000000001 -8.498736000000001 -7.554432
-8.498736000000001 -6.876 0.0
-6.876 0.0 -7.640000000000001
-6.876 -10.808226603402504 -7.344138368784
-6.112 -6.112 -84.52268957805639
-6.112 -6.112 -84.8536645138119
-6.112 0.0 0.0
0.0 0.0 -5.348
-4.877509699999999 -4.877509699999999 -4.180722599999999
-4.877509699999999 -5.348 -6.112
-6.610128 -4.877509699999999 0.0
-6.4990922892 -4.877509699999999 0.0
-4.180722599999999 0.0 -80.29283165286074
0.0 -4.180722599999999 0.0
-4.180722599999999 -4.180722599999999 0.0
-4.180722599999999 -4.180722599999999 0.0
0.0 0.0 0.0
0.0 0.0 0.0
0.0 0.0 0.0
0.0 0.0 0.0
0.0 0.0 0.0
0.0 0.0 0.0
0.0 0.0 0.0
0.0 0.0 0.0
0.0 0.0 0.0
0.0 0.0 0.0
0.0 0.0 0.0
0.0 0.0 0.0
0.0 0.0 0.0
0.0 0.0 0.0
0.0 0.0 0.0
0.0 0.0 0.0
263.88131287716308 0.0 0.0
0.0 0.0 0.0
0.0 0.0 0.0
0.0 0.0 0.0
0.0 0.0 -10.808226603402504
0.0 0.0 0.0
0.0 -7.640000000000001 -83.53922906249035
-7.640000000000001 -9.44304 -84.57127197491315
-5.574296799999999 -5.574296799999999 -4.877509699999999
-5.574296799999999 0.0 0.0
-5.574296799999999 0.0 0.0
-5.574296799999999 -5.574296799999999 -82.71786032622653
0.0 0.0 0.0
0.0 0.0 0.0
0.0 0.0 0.0
0.0 0.0 0.0
-17.55255025673683 -18.55288820686579 -94.49890149032795
-18.451178624231826 -18.49760469082844 -18.192370087139615
-18.77774857228665 -17.719744967382443 -101.9413476296563
-19.400224543982272 -18.540709577810834 -9.446012027238252
-12.044065000846684 -12.205356711798622 -100.40377977602667
-12.000418315350517 -11.962258709233204 -12.015149581484977
-11.708816862128703 -11.940925016328077 -105.57427477675432
-12.234436656341131 -12.399028146025842 -6.505624186490691
-4.132530529637757 -1.0985243118564247 -72.65400891385526
-3.6000000000000005 -4.539611625970977 -5.6000000000000005
-4.001342582951142 -4.411851814948092 -34.49112453802181
-6.109370550097314 -6.012160000000001 -3.4903020488893
-2.4654593759696963 -4.390635178905462 -72.61775998734828
-2.91848 -2.91848 0.0
-2.91848 0.0 -82.48097628052747
-4.91848 -3.9871483999999997 -1.9687341275235193
-2.180722599999999 -2.6589807350405557 -1.9159936837949494
-1.4948690466141952 -1.7387407908889552 -2.91848
-1.7387407908889552 -2.5554769531832133 -84.15973376
-4.4 -2.989177584959308 -6.411851814948092
-1.1591605272593035 -1.1591605272593035 26.089424236770444
-1.1591605272593035 -1.1591605272593035 0.0
-1.1591605272593035 -1.1591605272593035 -1.7387407908889552
-1.6464944905405738 -1.1591605272593035 0.0
200.8232472452702869 -0.8232472452702869 196.59827590116947
-0.5795802636296518 -0.5795802636296518 -57.57534855363287
-0.5795802636296518 -0.5795802636296518 0.0
-0.5795802636296518 -0.8092609910662109 1.1591605272593035
